10,23
10,261
10,95
10,193
10,253
10,231
10,67
10,215
10,2
11,9
11,5
11,25
9,5
9,1
9,7
9,2
9,3
57,1
57,3
57,2
57,0
56,5
56,4
56,3
8,5
8,9
8,11
56,2
56,1
56,0
53,5
53,4
53,3
53,2
53,1
53,0
51,5
51,4
51,3
51,2
51,1
51,0
50,4
50,3
50,2
50,1
50,0
49,4
49,3
49,2
49,1
49,0
48,5
48,4
48,3
48,2
48,1
48,0
46,5
46,4
46,3
46,2
46,1
46,0
41,3
41,2
41,1
41,0
27,3
27,1
20,3
20,2
20,1
19,2
19,1
12,3
19,3
12,2
12,1
11,29
11,28
11,27
11,26
11,24
11,22
11,21
11,19
11,18
11,17
11,14
11,12
11,11
11,7
11,6
11,4
11,3
11,2
11,1
10,307
10,305
10,303
10,296
10,290
10,278
10,276
10,242
10,228
10,224
18,1
10,220
18,3
10,197
10,179
14,1
10,177
